0.256456  3.31002  5.82895        1
 1.78368  11.2925   12.988        1
0.586978  3.11029  4.20477        1
0.717773  3.23742  5.02603        1
0.558185  1.20328  3.86562        1
0.556337 0.973344  3.77164        1
0.648513 0.800453  4.38391        1
 2.00224  11.5225  13.4909        1
0.561805  1.12909  3.72922        1
0.593654    0.845  3.82997        1
0.584004 0.855654  3.74094        1
0.580606  1.09123  3.71384        1
0.670987  1.45977  4.20749        1
0.681337  3.03739  4.20686        1
0.617927  2.95539   3.8083        1
0.630101  2.96017  3.85765        1
0.630101  2.96017  3.85765        1
0.757294  3.07671  4.60254        1
0.620985 0.842339  3.70537        1
0.650407  2.94408   3.8753        1
0.634858 0.921356  3.71027        1
0.641398   2.9175  3.73579        1
0.697806  2.94782  4.02258        1
 0.73428  1.47186  4.14908        1
0.654652   1.0068  3.69232        1
0.742988  1.56113  4.18944        1
0.766623  3.01246  4.32901        1
0.823305  3.04563  4.62266        1
0.866397  3.12602  4.84624        1
0.700402  2.90956  3.87243        1
 0.66846  2.87159  3.67949        1
0.754465  1.54217  4.13611        1
0.616025  2.71619  3.36333        1
0.684904  1.08069   3.6978        1
0.696614  1.08739  3.72355        1
 0.67218 0.812125  3.56693        1
 0.67218 0.812125  3.56693        1
0.699413   1.0294  3.66298        1
0.716746  2.85055  3.75371        1
0.731158   2.8704  3.82563        1
 8.35328  24.6456  43.2387        1
0.705454 0.956379  3.60551        1
0.785995  2.87231  3.92975        1
  0.7207  2.80904   3.5989        1
0.859214  2.92562  4.27954        1
0.730613  1.10495  3.60839        1
 0.70355 0.819424  3.46306        1
0.802061  2.83857  3.95527        1
0.729906    2.949  3.58216        1
0.724057   2.7804  3.52205        1
0.780678   2.8092  3.76082        1
0.989858  2.81505   4.7451        1
0.805872  2.80579  3.86836        1
0.840933  2.85414  4.03189        1
0.840933  2.85414  4.03189        1
0.669324  2.73881  3.20372        1
 0.74428 0.659509  3.54207        1
 0.74428 0.659509  3.54207        1
0.742266 0.701387  3.52637        1
0.736003  2.75684  3.49605        1
0.829861  2.82364  3.93289        1
0.733729 0.833517  3.43319        1
 0.83411 0.449338  3.88991        1
0.752096 0.896483  3.50288        1
0.798078   2.7695  3.72398        1
0.675654  2.71192  3.12655        1
0.970356  2.91214  4.43749        1
 1.00882  2.86229  4.60148        1
0.740538  2.63893  3.37002        1
0.788634  1.01065  3.57344        1
0.772761 0.879104  3.45623        1
0.772761 0.879104  3.45623        1
0.772761 0.879104  3.45623        1
0.761639 0.753618  3.38934        1
0.797671  2.71212   3.5585        1
0.853667  2.76808  3.79379        1
0.781265  2.71414   3.4437        1
0.794948  2.71435   3.5017        1
0.851162  2.74868  3.74191        1
0.685429  2.66334  3.00895        1
0.910189  2.80506  3.96719        1
0.995974   2.8778  4.31957        1
0.881346  2.76635  3.81971        1
0.819872  1.02194  3.54611        1
 0.78479 0.611664  3.38875        1
 0.78479 0.611664  3.38875        1
0.707469  2.62656  3.04948        1
0.697599  2.64743  2.98976        1
0.992332  2.07441  4.23233        1
  1.0418  2.90447  4.42777        1
0.841088  2.70056  3.57577        1
0.829925 0.951919  3.50019        1
0.828521  2.67379  3.48535        1
0.817179  2.65694  3.41329        1
0.817179  2.65694  3.41329        1
0.835104 0.543021  3.45315        1
0.750299  2.62104  3.10044        1
 0.82002 0.625164  3.33827        1
0.965056  2.06078  3.92919        1
0.822169  2.64403  3.34318        1
 0.76598  2.61299  3.10897        1
 1.01767  2.81212  4.11843        1
0.793058  2.62682   3.2108        1
0.831449 0.768716  3.32562        1
0.874932 0.957843  3.49892        1
0.844603  0.61512  3.36534        1
0.858713    1.052  3.42258        1
0.842888  2.62932  3.35682        1
0.816569  2.61348  3.23463        1
0.869169 0.476768  3.43146        1
 0.90907  2.68141  3.59772        1
 0.86428 0.855834  3.37304        1
0.857931 0.653352  3.29763        1
0.902116 0.425236  3.45811        1
0.849985  2.57996  3.22227        1
   1.024   2.7225  3.87651        1
0.876705 0.588735  3.29779        1
0.900902 0.526173  3.38727        1
0.890901 0.865894  3.34758        1
0.871113 0.651634  3.25691        1
 1.01586  2.01494  3.79165        1
 1.01586  2.01494  3.79165        1
0.948641   2.6365  3.52562        1
 1.03974  1.98816   3.8601        1
0.893475 0.559945  3.28531        1
0.890092 0.581898  3.26937        1
0.894383 0.582541  3.27682        1
0.953962  2.62918  3.49929        1
0.920682 0.493365  3.34198        1
 0.89317 0.713208  3.22897        1
0.920655 0.845878   3.3216        1
 1.11259  2.06166  3.99688        1
0.937262 0.474068  3.35349        1
0.909993 0.574211  3.24693        1
0.903381 0.634773  3.19484        1
  0.9977  2.61557  3.51539        1
0.933909  0.53189  3.27791        1
0.916685 0.736442  3.20508        1
0.967425  1.01199  3.37721        1
0.980067 0.374103  3.41813        1
0.998194  2.60262  3.48143        1
0.962192 0.431265  3.34469        1
0.960713 0.467804  3.33499        1
 1.02899  2.47102  3.54219        1
0.927876  2.56291  3.18824        1
0.970705 0.477538  3.30984        1
 1.06305 0.325853  3.59566        1
 1.01946  2.57132  3.41001        1
 1.01946  2.57132  3.41001        1
 1.09902   1.9492  3.67022        1
0.965089 0.567918  3.21344        1
0.972769  2.54516  3.19366        1
0.557554  1.34247  1.82516        1
 1.01739  1.02223  3.31577        1
 1.09281  2.57524  3.54896        1
 1.00323 0.570698  3.18534        1
  1.1188  2.56928  3.55592        1
 1.02696 0.502795  3.25138        1
 1.14067  1.73744   3.5998        1
 1.04533 0.422631  3.27822        1
 1.04533 0.422631  3.27822        1
 1.04515 0.529293  3.24572        1
 1.18644  1.91843  3.67549        1
 1.07938  2.51291  3.31591        1
 1.06605 0.490961  3.20469        1
 1.08884  1.33141   3.2402        1
 1.06131 0.592678  3.13488        1
 1.06131 0.592678  3.13488        1
 1.12985 0.352377  3.33146        1
 1.08941  1.19957  3.21359        1
 1.11312  2.49612  3.26427        1
  1.0832 0.477263  3.16867        1
  1.0832 0.477263  3.16867        1
0.963036  2.47922   2.8143        1
 1.40378  2.48946  4.09804        1
 1.13948 0.991137   3.3162        1
 1.11089  2.49197  3.20694        1
 1.11088   1.3601  3.20328        1
 1.11088   1.3601  3.20328        1
  1.1064  1.26106  3.15833        1
 1.10522 0.527595  3.14388        1
0.982792  2.43704  2.79495        1
0.986809  2.44199  2.80059        1
 1.11855 0.488408  3.13237        1
 1.13844  1.17718  3.18058        1
 1.13844  1.17718  3.18058        1
 1.17005  2.45819  3.25641        1
 1.15907  2.47181  3.20957        1
 1.25802  1.87817  3.46743        1
 0.96718  2.31683  2.65972        1
 0.96718  2.31683  2.65972        1
 1.19012 0.370353  3.24772        1
0.915908  2.29764  2.49644        1
  1.1914   2.4432  3.24081        1
 1.16257  1.19462  3.15406        1
 1.24716 0.393006  3.23137        1
 1.26453 0.434645  3.21889        1
  1.3121  2.41818  3.33719        1
 1.27355 0.379743  3.21156        1
 1.30656  2.40827  3.26307        1
 1.29348  2.42418  3.22655        1
 1.29788 0.444503  3.19006        1
 1.32258 0.409373  3.18925        1
 1.40734  2.41093  3.39648        1
 1.34394  2.38348  3.23529        1
 1.38169  2.37902  3.25008        1
 1.82178 0.136548  4.25606        1
 -14.844 -1.07077 -34.6766        1
 1.36128 0.544707  3.17358        1
 1.52767  2.00588  3.54664        1
 1.41578  2.37044  3.28183        1
 1.41613  2.37107  3.28222        1
 1.55546  2.39092  3.58408        1
 1.54622  2.24216  3.56076        1
 1.56206  2.33513  3.58112        1
 1.37895 0.382556  3.15805        1
 1.37906 0.382479   3.1582        1
 1.43485  2.36479  3.26181        1
 1.55173  2.96027  3.46083        1
 1.58228  2.98734  3.50463        1
 1.55796  2.34808  3.41482        1
 1.59855  2.35885  3.46732        1
 1.51596   2.3375  3.27332        1
 1.51907  2.33993  3.27746        1
 1.76216  3.04398  3.79803        1
 1.53388   2.3248  3.28955        1
  2.0707  3.87197  4.39973        1
  1.5575 0.469112  3.30113        1
 1.56131  0.46964  3.30603        1
 1.58285  2.32526  3.34611        1
 1.55751  2.31534  3.29132        1
 1.99049  3.69114  4.20525        1
 1.67132  2.52262   3.5288        1
-26.7974 -1.88068 -56.0819        1
 1.59005  2.30861  3.31472        1
 1.63157  2.31588  3.37459        1
 1.63157  2.31588  3.37459        1
-32.4151 -1.58039 -66.2952        1
-32.4151 -1.58039 -66.2952        1
 1.61913 0.488623  3.30828        1
-36.9368 -2.48431 -74.4743        1
 1.96546  0.54002  3.92889        1
 1.65343  2.28333    3.306        1
 1.70623   2.7444  3.31391        1
 1.70623   2.7444  3.31391        1
 1.25378  2.05363  2.39685        1
 1.61439  2.30388  3.04652        1
-88.4662 -2.85568 -164.713        1
-159.133 -3.38375 -290.697        1
-131.214 -4.04865   -239.5        1
 1.81229  2.24292  3.08305        1
  84.411  2.71153  142.843        1
 1.76037  2.15908  2.90612        1
 38.9107  1.00018  61.9271        1
 39.7197  1.14878  62.7157        1
 39.7197  1.14878  62.7157        1
 40.9013  1.17129   64.535        1
 32.2884  1.26511  50.3496        1
 28.4222  1.93339    43.76        1
