 0.189188   2.43067   4.28039         1
 0.416111   2.62519   3.01933         1
 0.283986   1.49396   2.01974         1
 0.311536    1.3976    2.1698         1
 0.279392  0.601383   1.93199         1
 0.278937  0.487556   1.88925         1
 0.300893   0.37124    2.0332         1
 0.425087    2.4382   2.85472         1
 0.279673  0.561273   1.85381         1
 0.287428  0.408857   1.85315         1
 0.284967  0.417245   1.82421         1
 0.283708  0.532534   1.81241         1
 0.302922   0.65778   1.89593         1
 0.302051   1.33834   1.85371         1
  0.28875   1.37083   1.76656         1
 0.291302   1.35883   1.77091         1
 0.291302   1.35883   1.77091         1
 0.316146   1.27765   1.91135         1
 0.292292  0.396282   1.74321         1
 0.295216   1.32726   1.74718         1
 0.294852  0.427623   1.72203         1
 0.292967   1.32329   1.69456         1
  0.30425   1.27729   1.74308         1
 0.313253  0.626841   1.76704         1
 0.298336  0.458369   1.68102         1
 0.314671  0.659864   1.77084         1
 0.316459   1.23688   1.77753         1
 0.325837   1.19951    1.8207         1
  0.33241   1.19351   1.85038         1
 0.304095   1.25527    1.6708         1
 0.297758   1.27049   1.62807         1
 0.316265  0.645108   1.73022         1
 0.287111   1.25399   1.55295         1
 0.303622  0.478598   1.63764         1
 0.305751   0.47678   1.63265         1
 0.301283  0.363755   1.59765         1
 0.301283  0.363755   1.59765         1
 0.306041  0.450045   1.60143         1
 0.306404   1.21097   1.59479         1
 0.309016    1.2058   1.60721         1
 0.503671   1.48348   2.60263         1
 0.306912   0.41581    1.5676         1
 0.317837   1.15525   1.58068         1
 0.306449   1.18687   1.52075         1
  0.32936   1.11611   1.63272         1
 0.310845  0.469524   1.53334         1
 0.306194  0.356435   1.50638         1
 0.320339   1.12773   1.57151         1
 0.307315   1.23615   1.50167         1
 0.306714   1.17031   1.48264         1
 0.316449   1.13238   1.51611         1
 0.346702  0.984046   1.65877         1
 0.320566    1.1102   1.53077         1
 0.326015   1.10096    1.5554         1
 0.326015   1.10096    1.5554         1
 0.296076   1.20279   1.40714         1
 0.313478  0.277712   1.49153         1
 0.313478  0.277712   1.49153         1
 0.313013  0.295687   1.48664         1
  0.30856   1.14859   1.45673         1
 0.324156   1.09725   1.52843         1
 0.310996  0.353088   1.45435         1
 0.328568   0.17699    1.5322         1
 0.314107  0.374138   1.46191         1
 0.318911   1.10057   1.48001         1
 0.296906   1.18321    1.3643         1
 0.343364   1.02614   1.56373         1
 0.348146  0.984797   1.58326         1
 0.309155   1.09334   1.39645         1
 0.319728   0.40937   1.44747         1
 0.317086  0.360459   1.41717         1
 0.317086  0.360459   1.41717         1
 0.317086  0.360459   1.41717         1
 0.315302  0.311856   1.40256         1
 0.318276   1.07585   1.41176         1
 0.326855   1.05445   1.44533         1
 0.315375   1.08908   1.38199         1
 0.317588   1.07837   1.39134         1
  0.32634   1.04845   1.42746         1
  0.29821   1.15042   1.29991         1
 0.334649    1.0265   1.45191         1
 0.345709  0.994802   1.49332         1
 0.330542   1.03236   1.42561         1
 0.324041  0.403531   1.40027         1
 0.319027  0.248606   1.37733         1
 0.319027  0.248606   1.37733         1
 0.302247   1.11418   1.29379         1
 0.300265   1.13138   1.27789         1
 0.346231  0.722151   1.47344         1
  0.35081    0.9744   1.48556         1
 0.324383     1.036   1.37192         1
 0.325308  0.372927   1.37126         1
 0.322363    1.0345   1.34868         1
 0.320486   1.03629   1.33147         1
 0.320486   1.03629   1.33147         1
 0.326556  0.212317   1.35016         1
 0.309368   1.07377   1.27037         1
 0.323819  0.246822   1.31799         1
 0.342071  0.728343   1.38879         1
 0.320908   1.02632    1.2979         1
 0.311827   1.05709   1.25795         1
 0.347277  0.955753   1.39987         1
 0.316274   1.04125   1.27294         1
 0.325081  0.300438   1.29977         1
  0.33125  0.362436   1.32396         1
 0.327312  0.238337   1.30396         1
 0.328693  0.402271   1.30878         1
 0.323835   1.00467   1.28284         1
 0.319737   1.01749   1.25952         1
 0.331085  0.181601   1.30704         1
 0.333192  0.978046   1.31244         1
 0.329529  0.326112    1.2853         1
 0.328716  0.250267   1.26316         1
 0.335436  0.158111   1.28579         1
 0.324313  0.978977    1.2229         1
 0.347124  0.919031   1.30874         1
  0.33126  0.222414   1.24585         1
 0.334793  0.195515   1.25864         1
 0.332781  0.323269   1.24979         1
 0.330247  0.246989   1.23447         1
 0.347057  0.686486   1.29191         1
 0.347057  0.686486   1.29191         1
 0.337648  0.934054   1.24923         1
 0.349822  0.667176   1.29545         1
 0.333368  0.208897   1.22564         1
 0.332838  0.217559   1.22235         1
 0.333406  0.217122   1.22132         1
 0.338165  0.927679   1.23487         1
 0.337047  0.180603   1.22338         1
 0.332815  0.265673   1.20281         1
 0.336333   0.30888   1.21293         1
 0.357225  0.660368   1.28033         1
 0.339087  0.171503   1.21319         1
 0.335208  0.211485   1.19587         1
 0.334071  0.234683   1.18118         1
  0.34309  0.895477   1.20373         1
 0.338268  0.192635   1.18716         1
 0.335554  0.269479   1.17281         1
 0.341714  0.357166   1.19196         1
  0.34438  0.131453   1.20106         1
 0.343022  0.890466   1.19133         1
 0.341981  0.153275   1.18873         1
 0.341708   0.16638   1.18613         1
 0.346704  0.829312   1.18898         1
 0.333982  0.917915   1.14209         1
 0.342701  0.168581   1.16845         1
 0.353778  0.108441   1.19661         1
 0.345043  0.866518   1.14934         1
 0.345043  0.866518   1.14934         1
 0.354877  0.627834   1.18228         1
 0.341513  0.200929   1.13692         1
 0.339193  0.883311   1.10859         1
 0.270662  0.645437   0.87784         1
 0.346842  0.348202   1.12949         1
 0.352857  0.828274   1.14163         1
 0.345553  0.196542     1.097         1
 0.355311  0.812846   1.12517         1
 0.348428  0.170574   1.10304         1
 0.358673  0.545428   1.13015         1
  0.35055  0.141718   1.09927         1
  0.35055  0.141718   1.09927         1
   0.3502  0.177342   1.08749         1
 0.362672  0.585117   1.12113         1
 0.350775  0.813333   1.07343         1
 0.352175   0.16218   1.05861         1
 0.353173  0.431245   1.04957         1
 0.351255  0.196121   1.03736         1
 0.351255  0.196121   1.03736         1
 0.358903  0.111931   1.05822         1
 0.353327  0.388601    1.0411         1
 0.353794  0.790206   1.03359         1
 0.353711  0.155835   1.03463         1
 0.353711  0.155835   1.03463         1
 0.336609  0.862837  0.979671         1
 0.379421    0.6709   1.10457         1
 0.358638  0.311771   1.04317         1
 0.353369  0.789533   1.01627         1
 0.355055  0.434064   1.02238         1
 0.355055  0.434064   1.02238         1
  0.35461  0.403665   1.01105         1
 0.355602  0.169733   1.01142         1
 0.338749  0.836927  0.960034         1
 0.339207  0.836351  0.959358         1
  0.35685  0.155804  0.999238         1
 0.357747   0.36952  0.998449         1
 0.357747   0.36952  0.998449         1
 0.358898  0.751226  0.995371         1
 0.357744  0.760055  0.987121         1
 0.367708  0.547776   1.01142         1
 0.336617  0.803694  0.922817         1
 0.336617  0.803694  0.922817         1
 0.363749  0.113193  0.992619         1
 0.330209  0.823949  0.895523         1
 0.360675   0.73697  0.977771         1
  0.35974  0.369256  0.974976         1
 0.368241  0.116038  0.954091         1
 0.369465  0.126988  0.940448         1
 0.370491  0.680691  0.939577         1
 0.370212  0.110386  0.933558         1
 0.369842  0.679514  0.920907         1
 0.368715  0.688797  0.916984         1
 0.371839  0.127342    0.9139         1
  0.37368  0.115661  0.901066         1
 0.377281  0.644531  0.908192         1
 0.372457  0.658564  0.894122         1
 0.375117  0.644005      0.88         1
 0.405211 0.0303676  0.946525         1
 0.540045 0.0389539   1.26151         1
 0.376113  0.150489  0.876786         1
  0.38575  0.505575  0.894048         1
 0.377503  0.630248  0.872763         1
 0.377525  0.630305  0.872715         1
 0.386915  0.593356  0.889627         1
 0.386538  0.559226  0.888267         1
 0.387356  0.577738   0.88617         1
 0.377533  0.104714  0.864441         1
 0.377541  0.104687  0.864431         1
 0.378665   0.62236   0.85863         1
 0.385659  0.732002  0.856154         1
 0.387503  0.727549  0.853945         1
  0.38656  0.581214  0.845439         1
 0.388945  0.572622   0.84188         1
 0.383699  0.590142  0.826593         1
 0.383893  0.589835  0.826352         1
 0.397351  0.683062  0.852646         1
 0.384812  0.581793  0.823411         1
 0.410409  0.764891  0.869419         1
 0.388784  0.117093  0.823987         1
 0.389011  0.117008  0.823677         1
 0.387745  0.568281  0.817949         1
 0.386174  0.572693  0.814284         1
 0.407102  0.753312   0.85841         1
 0.392755  0.590975  0.826934         1
 0.529046 0.0371277   1.10715         1
 0.388059   0.56212  0.807277         1
 0.390455  0.552989  0.805963         1
 0.390455  0.552989  0.805963         1
 0.526876 0.0256869   1.07753         1
 0.526876 0.0256869   1.07753         1
 0.392104  0.118318  0.801093         1
 0.525469  0.035341   1.05945         1
 0.409389  0.112468  0.818262         1
  0.39141  0.539351  0.781091         1
 0.393597  0.630148  0.761297         1
 0.393597  0.630148  0.761297         1
 0.363342  0.592736  0.692098         1
 0.388511  0.553113  0.731603         1
  0.51984 0.0167801  0.967855         1
 0.518206 0.0110188  0.946618         1
  0.51851 0.0159986  0.946404         1
 0.398363  0.491997  0.676468         1
 0.512101 0.0164501  0.866582         1
 0.395528  0.484343  0.652067         1
 0.507612 0.0130479   0.80787         1
  0.50762 0.0146814  0.801506         1
  0.50762 0.0146814  0.801506         1
 0.507798 0.0145417  0.801211         1
 0.505915 0.0198224  0.788905         1
 0.504547 0.0343209  0.776814         1
